0.3187589989604297	0.363685165064083	0.350227134721764	0.32400388273814396	0.3583756389505043	0.3120916627169509	0.34418816394900004	0.31372231253267063
0.16680561560708573	0.18108228764116063	0.15395443090510244	0.1660892332004795	0.17334051901241873	0.16484277897482144	0.17344999174193101	0.16328443854233643
0.10323097068266329	0.11214075418247964	0.09458726304256156	0.10303900415502708	0.11221026351114083	0.1062850161852533	0.10907777510778564	0.1031127824214722
0.10290667307207856	0.10635664098636441	0.09655550072479874	0.11190566948522475	0.11182402314718146	0.10902835421287278	0.11247042382863158	0.1133199155801605
0.10075092810382746	0.10737643763359586	0.09138288748716127	0.10148116931460426	0.11049624632881219	0.10398995177953554	0.11082189455236065	0.10855146714632262
0.1018753157683482	0.10739173607196774	0.09574239120237196	0.11664376848826175	0.11475231933190594	0.10758463462234129	0.10844402422721486	0.11057156457853919
0.10918476377480185	0.10593214811029858	0.09445079988062328	0.11591554263093158	0.11935436230577529	0.10901285039230059	0.11853030215341638	0.1176496892768977
0.0757817817298382	0.07510636269609636	0.07243308047095559	0.08980632422139703	0.11778270382655374	0.10978695170949816	0.11918836345573593	0.12424846046754227
0.09641150692328423	0.09761115654976776	0.09077003362258483	0.11445122877220193	0.1316685712789691	0.12282468432186949	0.12039457663912129	0.13029340005942375
0.07193414288130044	0.07088627485967275	0.06258931520327445	0.08487761387159877	0.0985445012550043	0.11716325222427332	0.11677732713629008	0.14055090411295376
0.08135563179552018	0.0860738974252711	0.08427646230374963	0.1127650159925862	0.13078785763590603	0.13694664851656643	0.1355118169762037	0.13085278579238846
0.0723583542178675	0.0785018621003034	0.07803422670842099	0.08874835171413681	0.11513172090927469	0.10839964165029037	0.10345153656214146	0.12377519649079091
0.05760412026825259	0.06197867621292849	0.06872808031071455	0.07905007248192625	0.089908406299581	0.09117839805880297	0.0913725692933389	0.09432597841055783
0.054591322190099545	0.05827482842172592	0.06733208242193198	0.07071687938093052	0.08148165047855634	0.08597027895753254	0.09115096626357284	0.10453755353302475
0.08115805015041308	0.0843858862915445	0.09565448065674943	0.10785419499742935	0.12599795439069394	0.12105920302570439	0.12251797658914465	0.13525670963830022
0.05616171022325096	0.05811225597947685	0.06756455337015524	0.08300869338436148	0.10179983636402198	0.09075451156928711	0.10038252784451836	0.10480104217249779
0.044898485778696276	0.04885103061077746	0.05361033068954472	0.07295756752607432	0.0917524425493055	0.08320388493845325	0.0869090711751575	0.10082397617993237
0.054800257857100174	0.06569880267560478	0.06774858242292836	0.0974381058734244	0.11824494358932511	0.10519817248875411	0.11311683463842505	0.11608869738456433
0.04060551287901219	0.04488258035704782	0.05379527322718581	0.07012473950467632	0.09084990905460472	0.07876801797464295	0.07841311864645314	0.08989536222895769
0.040120154157398814	0.04630331212640944	0.05203159558631702	0.06901943353506373	0.07685942042527001	0.0721749342977238	0.07346375036666504	0.08945201197941888
0.047345470136702865	0.05526067762517264	0.05007263131102654	0.08706646846452216	0.09525451476521468	0.08397001000211154	0.08732349435159585	0.10431828388435943
0.04360474761420406	0.050970330153964793	0.053505854914072885	0.07573716743820426	0.08430246612559995	0.08709031410030793	0.08975534558908105	0.10507512447824967
0.055768257544947436	0.06645319394305482	0.0753233354452407	0.0990535140137922	0.10917731244885116	0.11280331579356415	0.11638136983295391	0.12178115429166302
0.03789580487370863	0.038610931062812805	0.05296976933346989	0.0654904260749618	0.07673361120859265	0.07235706448168741	0.07489862138580072	0.08634212688935096
0.03106231454921937	0.03664481782868415	0.046385827646930285	0.05666340292859327	0.06689175545899877	0.07057653669734511	0.07333040609160943	0.07678925060015214
0.06393988341640976	0.07824151725593755	0.09460442182277086	0.1051257065320953	0.11877802667076551	0.1163222837703727	0.1235261334037017	0.1295172480139172
0.035192745831681964	0.046906116412508324	0.05122490491786181	0.07158917291008753	0.08715228634433596	0.07279483149020806	0.0837725261193182	0.09153028516868753
0.050610757486581136	0.06186248811148621	0.07177975312162356	0.09464603976762798	0.10214866751046998	0.10489672689867519	0.1154835203444814	0.11694829089179545
0.06722828034693173	0.08899030428056193	0.0926400644419917	0.12809656910756909	0.1476944623622273	0.14643305973963325	0.16094914360125623	0.1537103436523834
0.037965012405384066	0.05122515949505452	0.05885007186038702	0.07745753441363439	0.08712882050634811	0.09493762916014056	0.10241405513332395	0.11145833515823121
0.04059354414967407	0.053766959388379706	0.06864429014826559	0.09231226008626109	0.09650377550879957	0.1008526021508058	0.10925913953884912	0.11703511640700112
0.03362679050040883	0.04386934684759929	0.05096571691960953	0.07429966733777629	0.08029571230153053	0.07870593564279395	0.08715075510022781	0.0848087798373344
0.03774022634371624	0.04909749590839138	0.05185494408823668	0.08071647452325614	0.07732656979926567	0.07920819164024273	0.08382904059411062	0.08126900579810879
0.04263998576605091	0.052783312232596635	0.06751296712733373	0.09861427994671926	0.10103012037189149	0.09616155210743808	0.10779144581550312	0.11196707871054079
0.06123546167826098	0.08205579452617565	0.08887273119671345	0.14278275299249496	0.14275240264148123	0.13153197934027805	0.1341808430545772	0.13974114960732795
0.03685961181650721	0.05037647436490556	0.06147408160256039	0.08565956810410294	0.09955418536808978	0.10661975284072384	0.13358578836916682	0.12729257701188096
0.04638500920460902	0.059313503871931926	0.0702914448668607	0.10365270174052335	0.10998278651877962	0.11086496043321314	0.11920313493762898	0.11202626243244533
0.046300833233147556	0.05838846609683872	0.06807351381625514	0.12025435962944452	0.12630040780407661	0.11987795810146452	0.1288503113542174	0.1286107284624764
0.038191871786035766	0.04693939528160543	0.05279880258845024	0.08703913682396648	0.09470836811563571	0.08525813158113921	0.09099141542279597	0.11121876136888509
0.03426602844380482	0.048680597917052926	0.04696812802222471	0.08591307572618177	0.08445628747495428	0.08644207367488377	0.09237929711448332	0.0932630127309746
0.034076071178155865	0.043967366516288506	0.049522631622867665	0.09386614294650712	0.08910074947687188	0.09544944826953193	0.09758606805435155	0.1162040347591335
0.04097477354681053	0.05831322150688438	0.05960754289715871	0.08769691858982726	0.10562185388157432	0.10464902256632738	0.10957144823986696	0.09972492156591048
0.04717592577530553	0.05865897378754489	0.0715599130681981	0.10208176771048642	0.11458333171877949	0.10890881607518774	0.11544440658477073	0.13739229556570726
0.046989859828378375	0.0705503663751424	0.0735898123867329	0.11465358759214071	0.11594819742388457	0.10923154588715964	0.13002209448501445	0.11955951320864688
0.028155228444909485	0.045399496378832095	0.04937609371050732	0.08117889605891437	0.09397642006499927	0.07907365468616713	0.09508253427982055	0.09473811208464106
0.038117384250315765	0.05927635013037285	0.06238730650786803	0.07857402965592539	0.09700342687007317	0.08768886143561197	0.09868600680672394	0.10886946960819704
0.0361174431551669	0.05515151988334389	0.061226105337566866	0.08452771738983651	0.11854662997036867	0.10508790467492599	0.12212401237228447	0.12194027229515902
0.048109055137073094	0.07101133407161274	0.07955646319590338	0.10575288014799925	0.13579294939119063	0.11401426561523142	0.12199645409171865	0.1413721574427049
0.03076202308875081	0.049698758408657125	0.0563399161122847	0.07675868169192024	0.10703307737534297	0.09543487093567862	0.100031705109117	0.10366792649137077
0.04471563971350245	0.06355018213530678	0.07847231194806885	0.09533360513266662	0.11440602916859798	0.1155337732687295	0.11850470359655176	0.1225180524127354
